Classificador K-nn com K = 1
Precisão: 82.3800351729 %
matriz de confusão:
372 009 000 007 000 002 001 015 001 000 008 000 008 007 002 005 002 014 000 001 000 000 001 003 001 000
016 288 003 019 008 002 014 003 000 000 003 000 008 000 016 000 016 026 005 000 004 001 002 001 000 000
000 000 495 000 001 002 002 000 000 000 001 010 000 000 001 001 000 001 002 000 002 000 000 000 000 000
000 019 006 318 000 001 000 000 000 002 000 000 000 001 030 006 005 000 000 000 007 001 000 000 000 000
001 006 025 002 263 028 007 000 001 000 002 002 000 000 002 001 003 018 003 000 000 000 000 000 000 001
000 000 001 000 013 332 000 000 002 000 000 000 001 000 000 052 001 001 000 011 000 000 001 000 002 002
000 008 010 004 003 001 305 000 000 000 001 003 007 000 011 000 020 001 002 000 005 001 007 000 000 000
005 004 000 002 000 000 001 336 000 000 003 000 013 013 000 001 000 000 000 001 007 001 014 000 001 000
000 000 005 002 007 006 000 000 685 046 004 004 000 000 000 002 000 001 006 005 000 001 000 003 006 032
000 001 000 001 000 001 001 000 011 368 000 000 000 000 003 000 005 001 019 008 000 000 000 000 004 003
002 001 004 001 008 002 001 004 000 000 303 009 004 000 000 000 000 013 000 000 002 004 006 012 001 000
000 001 007 000 001 000 001 000 001 000 000 483 000 000 000 000 000 000 000 000 000 001 001 000 000 000
016 009 000 001 000 000 000 085 000 000 013 000 268 045 000 001 001 002 000 000 002 003 014 000 000 000
007 002 001 000 000 000 001 010 000 000 003 001 013 372 000 001 002 002 000 000 004 001 018 001 000 000
000 008 016 073 000 000 003 000 001 000 000 000 000 000 319 002 022 002 000 000 013 000 000 000 000 000
000 003 001 015 001 025 000 000 000 000 000 000 000 000 002 407 003 001 000 002 000 005 000 000 002 000
001 016 006 005 000 001 036 000 000 000 000 000 000 001 026 002 333 013 000 000 012 000 000 000 000 000
010 026 006 002 024 007 000 004 000 000 023 003 004 000 004 006 010 307 000 000 001 000 001 004 000 004
000 001 001 003 004 004 002 000 001 008 001 000 000 000 003 000 002 001 412 000 001 000 000 000 001 000
000 000 000 001 000 006 001 000 001 004 000 000 001 000 000 002 000 000 000 451 000 000 000 000 002 000
000 001 000 000 001 000 000 002 000 003 001 000 000 001 002 000 000 000 000 000 391 043 012 000 001 000
000 000 000 000 000 000 000 000 000 002 001 000 000 001 000 000 000 000 000 000 021 442 001 002 012 000
000 000 000 000 000 000 002 006 000 001 010 000 007 029 000 000 001 001 000 000 039 013 365 001 000 000
002 000 000 000 000 002 000 002 000 002 017 002 003 000 000 000 000 002 000 000 000 009 004 415 010 002
000 000 000 000 000 000 000 001 002 001 000 000 000 000 000 004 000 000 001 008 000 034 001 004 397 000
000 015 000 012 007 000 001 000 007 002 000 002 001 000 000 002 000 003 000 000 000 001 000 001 003 410
Fim do K-nn com K = 1


Classificador K-nn com K = 3
Precisão: 83.0332467968 %
matriz de confusão:
404 009 000 009 001 001 002 009 001 000 002 000 005 001 001 003 001 005 000 001 000 000 001 002 001 000
024 315 003 019 006 000 009 001 000 000 001 000 005 000 013 000 012 014 004 000 004 001 003 001 000 000
000 000 504 000 000 002 000 000 000 000 000 008 000 000 001 001 000 000 001 000 001 000 000 000 000 000
000 018 004 332 000 001 000 000 000 003 000 000 000 000 024 002 004 000 000 000 005 003 000 000 000 000
000 011 035 002 266 018 010 000 001 000 001 004 000 000 001 001 001 009 002 000 000 000 000 000 000 003
000 001 001 000 006 338 000 000 002 000 000 000 000 000 000 056 000 000 000 013 000 000 001 000 001 000
003 013 013 004 007 000 304 000 000 000 001 003 006 000 008 000 017 000 001 000 003 001 005 000 000 000
007 005 000 002 000 001 001 349 000 001 000 000 012 007 000 000 000 000 000 001 007 001 008 000 000 000
000 001 006 004 010 013 000 000 691 045 002 002 000 000 000 002 000 000 006 005 000 000 000 001 002 025
000 002 001 002 001 004 000 000 020 367 000 000 000 000 002 000 002 000 015 008 000 000 000 000 002 000
006 001 006 001 009 004 001 003 000 000 301 011 003 000 000 000 000 008 000 000 003 003 008 009 000 000
000 001 010 001 000 000 000 000 000 000 000 482 000 000 000 000 000 000 000 000 000 001 001 000 000 000
019 012 000 000 000 003 000 113 000 000 012 000 247 030 000 001 000 001 000 000 004 003 014 001 000 000
009 005 001 001 001 000 001 015 000 000 007 001 009 370 000 000 001 002 000 000 006 001 007 001 001 000
001 014 012 086 000 000 002 000 001 000 000 000 000 000 324 001 013 000 000 000 005 000 000 000 000 000
003 002 001 016 001 012 000 000 000 000 000 000 000 001 000 420 002 001 000 001 000 005 000 000 002 000
001 017 011 011 002 001 036 000 000 000 000 000 000 001 025 002 333 005 001 000 006 000 000 000 000 000
020 035 017 005 025 008 000 004 001 000 021 003 002 000 002 005 008 284 000 000 000 001 000 002 000 003
000 001 001 005 003 006 003 000 000 007 000 000 000 000 003 000 000 000 414 000 001 000 000 000 001 000
000 000 000 000 000 006 001 000 002 004 000 000 001 000 000 001 000 000 000 452 000 000 000 000 002 000
001 000 001 000 000 000 002 001 000 004 001 000 000 002 002 000 001 000 000 000 396 036 010 000 001 000
000 001 000 000 000 000 000 000 001 001 000 000 000 000 000 000 000 000 000 000 016 453 000 000 010 000
002 000 001 001 002 000 000 007 000 002 006 000 008 031 000 000 001 000 000 000 043 021 349 001 000 000
005 000 001 002 002 004 000 003 001 000 023 001 001 000 000 000 001 001 000 000 000 011 002 406 006 002
000 000 000 000 000 003 000 001 002 000 001 000 000 000 000 005 000 001 001 002 000 031 001 004 401 000
000 020 001 017 005 001 001 000 003 002 001 001 000 000 000 001 000 001 000 000 000 000 000 000 000 413
Fim do K-nn com K = 3


Classificador K-nn com K = 5
Precisão: 83.5440917846 %
matriz de confusão:
401 008 000 008 000 002 002 010 001 000 003 000 003 002 003 004 001 006 000 000 000 000 002 002 001 000
018 316 002 015 008 001 011 001 000 000 001 000 005 001 015 000 013 018 004 000 004 001 001 000 000 000
000 000 499 001 002 002 002 000 000 000 001 009 000 000 001 001 000 000 000 000 000 000 000 000 000 000
002 014 000 340 000 001 000 000 001 002 000 000 000 000 025 001 002 000 000 000 005 003 000 000 000 000
000 012 036 002 273 013 010 000 002 000 000 004 000 000 001 001 001 007 002 000 000 000 000 000 000 001
000 001 001 000 008 335 000 000 001 000 000 000 001 000 000 056 000 000 000 015 000 001 000 000 000 000
002 005 012 003 005 000 311 000 000 000 001 002 006 000 011 000 016 002 002 000 005 001 005 000 000 000
007 003 000 002 001 000 001 352 000 001 002 000 010 007 000 001 000 000 000 001 007 001 006 000 000 000
000 001 006 003 007 009 001 000 692 043 001 003 000 000 000 002 000 000 009 006 000 000 000 001 002 029
000 000 001 003 000 002 000 000 017 369 000 000 000 000 004 000 001 000 018 009 000 000 000 000 002 000
002 000 005 001 008 004 000 003 000 000 299 012 006 001 000 000 000 010 000 000 002 004 010 010 000 000
000 000 006 000 000 000 000 000 001 000 000 485 000 000 000 000 000 000 001 000 000 001 002 000 000 000
014 009 000 000 000 003 000 116 000 000 009 000 257 029 000 001 000 002 000 000 004 003 011 002 000 000
006 004 001 000 001 000 001 019 000 000 004 001 013 368 000 000 000 001 000 000 007 001 011 000 001 000
002 006 008 083 000 001 002 000 001 000 000 000 000 000 336 001 014 000 000 000 005 000 000 000 000 000
001 003 001 020 001 008 000 000 002 000 000 000 000 000 000 420 003 000 000 001 000 004 000 000 003 000
001 016 008 011 001 001 029 000 000 000 000 000 000 001 030 001 339 004 000 000 008 000 001 000 001 000
014 035 011 007 024 009 001 002 000 000 022 008 004 001 003 005 006 285 001 000 001 001 000 003 000 003
000 000 001 004 003 004 002 000 001 007 000 000 000 000 004 000 001 000 417 000 000 000 000 000 001 000
000 000 000 000 000 006 000 000 001 002 000 000 001 000 000 002 001 000 000 452 000 000 000 000 004 000
000 001 001 000 000 000 001 001 000 003 001 000 000 000 001 000 000 000 000 000 406 034 008 000 001 000
000 001 000 000 000 000 000 000 001 001 001 000 000 000 000 000 000 000 000 000 023 445 000 001 009 000
001 000 000 000 002 000 000 004 000 003 003 000 010 034 000 000 000 000 000 000 050 018 350 000 000 000
004 000 001 003 001 001 000 000 001 001 024 002 001 000 000 000 001 001 000 000 000 009 001 410 009 002
000 000 000 000 000 000 000 002 002 000 000 000 000 000 000 004 000 000 001 003 000 029 001 007 404 000
000 018 001 015 003 001 000 000 001 003 002 002 000 000 000 001 000 003 000 002 000 000 000 000 000 415
Fim do K-nn com K = 5


Classificador SVM
Precisão: 74.1478938112 %
matriz de confusão:
337 025 000 002 003 004 002 022 002 000 017 002 016 004 003 003 000 009 000 000 000 000 003 002 003 000
009 213 003 031 015 003 022 000 000 000 006 000 011 002 029 000 030 029 011 000 006 000 006 006 001 002
000 000 494 000 006 001 002 000 000 000 000 010 000 000 002 001 000 000 000 000 002 000 000 000 000 000
000 029 001 304 000 000 000 000 001 001 000 000 002 002 027 002 004 000 000 000 017 004 002 000 000 000
000 006 071 001 219 008 022 000 000 000 006 006 000 000 000 002 001 008 007 001 000 000 000 001 000 006
000 001 002 000 009 316 001 001 000 001 000 000 000 000 000 054 000 000 001 032 000 001 000 000 000 000
003 005 011 001 003 004 266 000 000 000 003 005 007 000 008 000 022 000 000 000 014 000 037 000 000 000
012 004 000 001 001 002 000 270 000 001 003 000 046 017 003 002 000 000 000 000 003 015 018 000 004 000
001 000 002 002 019 009 000 000 529 065 000 000 000 000 000 001 000 001 047 006 000 000 000 020 004 109
000 001 000 025 010 003 000 000 017 328 000 000 000 000 003 000 002 000 025 008 000 000 000 000 000 004
008 002 016 000 010 003 000 001 000 000 266 016 006 001 000 001 000 010 000 000 004 001 019 013 000 000
000 000 007 000 001 000 001 000 001 000 003 473 000 000 000 000 000 000 001 000 007 001 001 000 000 000
024 011 000 001 000 000 000 087 000 000 005 000 275 013 001 006 002 006 000 000 002 004 014 001 008 000
017 006 000 001 000 001 000 017 000 000 010 000 053 271 001 000 002 003 000 000 009 007 034 004 003 000
000 017 005 082 000 000 001 000 002 000 000 000 001 000 293 001 040 000 000 000 017 000 000 000 000 000
003 004 001 017 000 009 000 001 001 000 000 000 000 000 002 410 004 000 000 001 001 004 000 000 009 000
000 014 004 014 002 000 023 000 000 001 005 000 000 002 017 002 332 004 001 000 023 001 003 000 000 004
007 021 016 002 022 010 001 003 001 000 057 007 009 001 002 003 012 239 000 000 008 002 004 014 000 005
000 002 001 024 004 001 007 000 003 007 001 001 000 000 004 000 002 000 382 002 000 000 000 001 003 000
000 004 001 000 000 001 000 001 001 009 000 000 003 000 000 000 000 000 000 441 000 000 000 000 008 000
000 000 001 002 000 000 001 002 000 000 001 010 000 002 003 000 003 000 001 000 393 029 010 000 000 000
000 000 000 000 001 002 000 002 001 001 002 000 002 023 000 000 000 000 002 000 031 392 001 002 020 000
001 000 000 002 000 000 001 004 000 000 011 001 012 031 002 000 002 000 001 000 067 027 311 002 000 000
018 002 000 002 000 003 000 000 004 000 031 000 001 004 000 000 001 003 003 000 000 007 006 362 024 001
000 000 000 001 000 004 000 009 000 001 003 000 001 001 000 002 000 000 000 011 000 033 000 010 377 000
000 015 003 017 009 003 000 000 003 017 004 008 001 000 000 001 002 013 002 001 000 000 000 007 000 361
FIM do SVM


Árvore de decisão
Precisão: 69.7429026045 %
matriz de confusão:
299 020 001 007 002 008 004 021 003 001 008 002 013 010 003 003 007 027 004 001 003 000 006 005 001 000
018 200 005 027 012 013 024 008 003 004 001 001 010 002 017 002 023 031 008 000 007 001 008 001 001 008
000 000 461 000 007 010 005 000 000 001 001 013 001 000 003 003 001 006 000 002 004 000 000 000 000 000
003 021 001 277 003 001 001 002 000 002 000 001 006 007 035 007 008 004 000 001 013 001 001 000 000 001
003 011 028 000 211 022 028 001 000 002 002 002 000 000 002 003 002 026 007 001 000 000 001 001 000 012
011 001 002 000 014 310 010 000 002 002 000 000 001 000 000 042 001 002 003 013 000 000 000 001 003 001
002 007 011 006 014 007 244 003 000 000 004 003 008 000 007 000 029 005 006 000 027 003 003 000 000 000
013 007 001 001 001 002 003 260 000 000 005 001 029 023 003 001 001 007 000 000 007 007 028 000 001 001
003 004 008 003 011 008 000 002 542 064 002 009 001 001 003 012 009 011 029 020 003 005 001 017 009 038
001 003 002 010 001 000 004 001 012 326 000 000 000 001 003 001 002 000 030 010 001 000 003 001 006 008
005 005 014 000 021 004 004 011 000 001 233 018 005 004 000 001 001 015 006 001 002 003 009 013 001 000
002 000 021 000 003 001 002 000 002 001 002 446 004 001 000 000 000 001 002 000 002 000 002 004 000 000
022 013 003 003 001 003 000 081 000 000 013 000 218 034 003 003 006 013 001 002 004 002 024 006 005 000
010 003 003 002 001 000 003 034 002 000 010 000 019 289 002 001 005 011 002 001 003 006 027 002 001 002
001 006 021 082 000 001 001 001 000 002 000 000 001 002 283 000 024 006 001 000 026 001 000 000 000 000
003 007 005 015 004 032 001 002 002 001 000 000 002 002 001 352 009 005 000 006 001 007 003 000 007 000
004 037 007 009 005 002 036 002 000 001 000 000 005 004 020 001 287 011 002 000 015 000 002 000 001 001
011 024 012 002 028 006 009 003 002 000 024 005 010 001 002 002 019 260 001 001 006 000 003 009 000 006
002 005 003 004 006 004 006 000 008 016 001 000 001 002 000 000 002 002 369 002 002 001 001 001 005 002
000 002 000 003 000 006 000 000 004 013 001 000 002 000 000 008 000 001 005 412 000 001 000 001 003 007
000 001 001 005 000 000 001 007 000 000 003 003 005 006 004 003 002 000 002 000 364 039 010 000 002 000
000 000 000 000 000 001 001 002 002 002 001 000 004 005 001 000 000 000 002 001 028 379 016 006 031 000
001 002 000 002 001 002 005 009 000 002 010 000 023 042 003 001 006 002 002 000 029 026 305 001 001 000
009 003 002 003 003 006 002 005 004 009 030 007 003 003 000 000 000 006 005 001 000 010 003 334 014 010
003 000 000 002 000 002 000 004 004 002 004 000 001 005 000 002 000 002 003 017 002 049 004 028 319 000
000 015 004 008 014 006 001 001 010 017 002 006 000 000 000 003 006 016 000 001 001 001 000 007 000 348
FIM da Árvore de decisão


Voto Majoritário
Precisão: 81.7268235491 %
matriz de confusão:
391 008 000 003 001 002 001 019 001 000 002 001 007 002 003 004 001 008 000 000 000 000 000 004 001 000
022 293 001 014 007 001 011 005 002 000 000 000 003 001 014 000 025 023 003 000 003 000 001 004 001 001
000 000 504 001 001 001 002 000 000 001 000 005 000 000 001 002 000 000 000 000 000 000 000 000 000 000
003 019 000 333 000 000 000 001 001 001 000 000 001 001 020 003 005 000 000 000 005 003 000 000 000 000
000 012 044 000 245 007 013 001 001 001 001 001 000 000 001 004 001 018 007 001 000 000 000 001 000 006
000 001 002 000 008 335 000 000 001 000 000 000 001 000 000 057 000 000 000 012 000 000 000 000 001 001
003 007 010 005 003 000 290 002 000 000 003 002 004 000 006 000 024 003 002 000 010 000 015 000 000 000
007 002 000 002 001 000 000 336 000 001 002 001 022 007 001 001 000 000 000 000 005 003 010 000 001 000
000 000 004 001 009 002 000 001 661 043 000 001 000 000 000 003 000 000 012 006 000 000 000 024 004 044
001 000 000 005 001 001 000 001 017 366 000 000 000 000 002 001 003 000 016 007 000 000 000 001 004 000
006 002 013 000 004 002 000 007 000 000 289 010 002 001 000 001 000 009 002 000 002 002 013 012 000 000
000 000 009 000 000 000 000 000 001 000 002 481 000 000 000 000 000 000 001 000 000 000 001 001 000 000
022 009 001 000 000 000 000 113 000 000 005 000 258 014 001 004 002 008 000 000 002 002 010 005 004 000
015 005 001 000 000 000 001 034 001 000 008 001 015 326 000 001 005 004 000 001 005 002 009 003 002 000
002 012 006 069 000 000 000 000 002 001 000 000 001 000 322 001 036 000 000 000 007 000 000 000 000 000
003 003 000 018 000 007 000 001 000 000 000 000 000 000 001 427 003 000 000 000 000 003 000 000 001 000
000 017 007 010 001 000 014 001 000 000 000 000 000 001 014 003 366 005 000 000 010 000 001 000 001 001
017 023 011 001 011 008 000 004 002 000 024 003 004 000 002 005 019 288 001 000 002 000 001 016 000 004
001 001 002 004 003 000 003 000 001 011 001 000 000 000 003 000 003 000 407 001 000 000 000 001 003 000
000 000 001 001 000 001 000 001 001 003 000 000 002 000 000 002 001 000 000 451 000 000 000 000 005 000
000 000 002 000 000 000 001 002 000 000 002 000 000 002 002 001 002 000 001 000 406 029 007 000 001 000
000 000 000 000 000 000 000 000 001 002 001 000 000 003 000 000 000 000 000 001 024 428 001 003 018 000
002 000 000 002 000 000 001 006 000 002 009 000 011 031 001 000 002 000 001 000 053 016 336 001 001 000
006 000 000 003 001 002 000 001 001 001 022 001 000 001 000 000 001 000 000 000 000 004 000 415 011 002
000 000 000 000 000 001 000 003 001 001 001 000 000 001 000 004 000 000 000 007 000 026 000 013 395 000
000 013 001 009 002 000 000 001 001 006 004 001 000 000 000 002 005 006 000 001 000 000 000 005 000 410
fim da execução!
